p cnf 729 4366
016 0
031 0
054 0
075 0
128 0
133 0
155 0
166 0
202 0
281 0
308 0
334 0
357 0
386 0
426 0
463 0
507 0
539 0
551 0
584 0
605 0
682 0
727 0
732 0
756 0
769 0
814 0
835 0
858 0
877 0
002 022 042 062 082 0
-002 -022 0
-002 -042 0
-002 -062 0
-002 -082 0
-022 -042 0
-022 -062 0
-022 -082 0
-042 -062 0
-042 -082 0
-062 -082 0
003 023 043 063 083 0
-003 -023 0
-003 -043 0
-003 -063 0
-003 -083 0
-023 -043 0
-023 -063 0
-023 -083 0
-043 -063 0
-043 -083 0
-063 -083 0
007 027 047 067 087 0
-007 -027 0
-007 -047 0
-007 -067 0
-007 -087 0
-027 -047 0
-027 -067 0
-027 -087 0
-047 -067 0
-047 -087 0
-067 -087 0
008 028 048 068 088 0
-008 -028 0
-008 -048 0
-008 -068 0
-008 -088 0
-028 -048 0
-028 -068 0
-028 -088 0
-048 -068 0
-048 -088 0
-068 -088 0
009 029 049 069 089 0
-009 -029 0
-009 -049 0
-009 -069 0
-009 -089 0
-029 -049 0
-029 -069 0
-029 -089 0
-049 -069 0
-049 -089 0
-069 -089 0
101 111 141 171 181 0
-101 -111 0
-101 -141 0
-101 -171 0
-101 -181 0
-111 -141 0
-111 -171 0
-111 -181 0
-141 -171 0
-141 -181 0
-171 -181 0
102 112 142 172 182 0
-102 -112 0
-102 -142 0
-102 -172 0
-102 -182 0
-112 -142 0
-112 -172 0
-112 -182 0
-142 -172 0
-142 -182 0
-172 -182 0
104 114 144 174 184 0
-104 -114 0
-104 -144 0
-104 -174 0
-104 -184 0
-114 -144 0
-114 -174 0
-114 -184 0
-144 -174 0
-144 -184 0
-174 -184 0
107 117 147 177 187 0
-107 -117 0
-107 -147 0
-107 -177 0
-107 -187 0
-117 -147 0
-117 -177 0
-117 -187 0
-147 -177 0
-147 -187 0
-177 -187 0
109 119 149 179 189 0
-109 -119 0
-109 -149 0
-109 -179 0
-109 -189 0
-119 -149 0
-119 -179 0
-119 -189 0
-149 -179 0
-149 -189 0
-179 -189 0
213 223 233 243 253 263 273 0
-213 -223 0
-213 -233 0
-213 -243 0
-213 -253 0
-213 -263 0
-213 -273 0
-223 -233 0
-223 -243 0
-223 -253 0
-223 -263 0
-223 -273 0
-233 -243 0
-233 -253 0
-233 -263 0
-233 -273 0
-243 -253 0
-243 -263 0
-243 -273 0
-253 -263 0
-253 -273 0
-263 -273 0
214 224 234 244 254 264 274 0
-214 -224 0
-214 -234 0
-214 -244 0
-214 -254 0
-214 -264 0
-214 -274 0
-224 -234 0
-224 -244 0
-224 -254 0
-224 -264 0
-224 -274 0
-234 -244 0
-234 -254 0
-234 -264 0
-234 -274 0
-244 -254 0
-244 -264 0
-244 -274 0
-254 -264 0
-254 -274 0
-264 -274 0
215 225 235 245 255 265 275 0
-215 -225 0
-215 -235 0
-215 -245 0
-215 -255 0
-215 -265 0
-215 -275 0
-225 -235 0
-225 -245 0
-225 -255 0
-225 -265 0
-225 -275 0
-235 -245 0
-235 -255 0
-235 -265 0
-235 -275 0
-245 -255 0
-245 -265 0
-245 -275 0
-255 -265 0
-255 -275 0
-265 -275 0
216 226 236 246 256 266 276 0
-216 -226 0
-216 -236 0
-216 -246 0
-216 -256 0
-216 -266 0
-216 -276 0
-226 -236 0
-226 -246 0
-226 -256 0
-226 -266 0
-226 -276 0
-236 -246 0
-236 -256 0
-236 -266 0
-236 -276 0
-246 -256 0
-246 -266 0
-246 -276 0
-256 -266 0
-256 -276 0
-266 -276 0
217 227 237 247 257 267 277 0
-217 -227 0
-217 -237 0
-217 -247 0
-217 -257 0
-217 -267 0
-217 -277 0
-227 -237 0
-227 -247 0
-227 -257 0
-227 -267 0
-227 -277 0
-237 -247 0
-237 -257 0
-237 -267 0
-237 -277 0
-247 -257 0
-247 -267 0
-247 -277 0
-257 -267 0
-257 -277 0
-267 -277 0
218 228 238 248 258 268 278 0
-218 -228 0
-218 -238 0
-218 -248 0
-218 -258 0
-218 -268 0
-218 -278 0
-228 -238 0
-228 -248 0
-228 -258 0
-228 -268 0
-228 -278 0
-238 -248 0
-238 -258 0
-238 -268 0
-238 -278 0
-248 -258 0
-248 -268 0
-248 -278 0
-258 -268 0
-258 -278 0
-268 -278 0
219 229 239 249 259 269 279 0
-219 -229 0
-219 -239 0
-219 -249 0
-219 -259 0
-219 -269 0
-219 -279 0
-229 -239 0
-229 -249 0
-229 -259 0
-229 -269 0
-229 -279 0
-239 -249 0
-239 -259 0
-239 -269 0
-239 -279 0
-249 -259 0
-249 -269 0
-249 -279 0
-259 -269 0
-259 -279 0
-269 -279 0
311 321 341 361 371 0
-311 -321 0
-311 -341 0
-311 -361 0
-311 -371 0
-321 -341 0
-321 -361 0
-321 -371 0
-341 -361 0
-341 -371 0
-361 -371 0
312 322 342 362 372 0
-312 -322 0
-312 -342 0
-312 -362 0
-312 -372 0
-322 -342 0
-322 -362 0
-322 -372 0
-342 -362 0
-342 -372 0
-362 -372 0
313 323 343 363 373 0
-313 -323 0
-313 -343 0
-313 -363 0
-313 -373 0
-323 -343 0
-323 -363 0
-323 -373 0
-343 -363 0
-343 -373 0
-363 -373 0
315 325 345 365 375 0
-315 -325 0
-315 -345 0
-315 -365 0
-315 -375 0
-325 -345 0
-325 -365 0
-325 -375 0
-345 -365 0
-345 -375 0
-365 -375 0
319 329 349 369 379 0
-319 -329 0
-319 -349 0
-319 -369 0
-319 -379 0
-329 -349 0
-329 -369 0
-329 -379 0
-349 -369 0
-349 -379 0
-369 -379 0
401 411 431 441 451 471 481 0
-401 -411 0
-401 -431 0
-401 -441 0
-401 -451 0
-401 -471 0
-401 -481 0
-411 -431 0
-411 -441 0
-411 -451 0
-411 -471 0
-411 -481 0
-431 -441 0
-431 -451 0
-431 -471 0
-431 -481 0
-441 -451 0
-441 -471 0
-441 -481 0
-451 -471 0
-451 -481 0
-471 -481 0
402 412 432 442 452 472 482 0
-402 -412 0
-402 -432 0
-402 -442 0
-402 -452 0
-402 -472 0
-402 -482 0
-412 -432 0
-412 -442 0
-412 -452 0
-412 -472 0
-412 -482 0
-432 -442 0
-432 -452 0
-432 -472 0
-432 -482 0
-442 -452 0
-442 -472 0
-442 -482 0
-452 -472 0
-452 -482 0
-472 -482 0
404 414 434 444 454 474 484 0
-404 -414 0
-404 -434 0
-404 -444 0
-404 -454 0
-404 -474 0
-404 -484 0
-414 -434 0
-414 -444 0
-414 -454 0
-414 -474 0
-414 -484 0
-434 -444 0
-434 -454 0
-434 -474 0
-434 -484 0
-444 -454 0
-444 -474 0
-444 -484 0
-454 -474 0
-454 -484 0
-474 -484 0
405 415 435 445 455 475 485 0
-405 -415 0
-405 -435 0
-405 -445 0
-405 -455 0
-405 -475 0
-405 -485 0
-415 -435 0
-415 -445 0
-415 -455 0
-415 -475 0
-415 -485 0
-435 -445 0
-435 -455 0
-435 -475 0
-435 -485 0
-445 -455 0
-445 -475 0
-445 -485 0
-455 -475 0
-455 -485 0
-475 -485 0
407 417 437 447 457 477 487 0
-407 -417 0
-407 -437 0
-407 -447 0
-407 -457 0
-407 -477 0
-407 -487 0
-417 -437 0
-417 -447 0
-417 -457 0
-417 -477 0
-417 -487 0
-437 -447 0
-437 -457 0
-437 -477 0
-437 -487 0
-447 -457 0
-447 -477 0
-447 -487 0
-457 -477 0
-457 -487 0
-477 -487 0
408 418 438 448 458 478 488 0
-408 -418 0
-408 -438 0
-408 -448 0
-408 -458 0
-408 -478 0
-408 -488 0
-418 -438 0
-418 -448 0
-418 -458 0
-418 -478 0
-418 -488 0
-438 -448 0
-438 -458 0
-438 -478 0
-438 -488 0
-448 -458 0
-448 -478 0
-448 -488 0
-458 -478 0
-458 -488 0
-478 -488 0
409 419 439 449 459 479 489 0
-409 -419 0
-409 -439 0
-409 -449 0
-409 -459 0
-409 -479 0
-409 -489 0
-419 -439 0
-419 -449 0
-419 -459 0
-419 -479 0
-419 -489 0
-439 -449 0
-439 -459 0
-439 -479 0
-439 -489 0
-449 -459 0
-449 -479 0
-449 -489 0
-459 -479 0
-459 -489 0
-479 -489 0
512 522 542 562 572 0
-512 -522 0
-512 -542 0
-512 -562 0
-512 -572 0
-522 -542 0
-522 -562 0
-522 -572 0
-542 -562 0
-542 -572 0
-562 -572 0
513 523 543 563 573 0
-513 -523 0
-513 -543 0
-513 -563 0
-513 -573 0
-523 -543 0
-523 -563 0
-523 -573 0
-543 -563 0
-543 -573 0
-563 -573 0
515 525 545 565 575 0
-515 -525 0
-515 -545 0
-515 -565 0
-515 -575 0
-525 -545 0
-525 -565 0
-525 -575 0
-545 -565 0
-545 -575 0
-565 -575 0
516 526 546 566 576 0
-516 -526 0
-516 -546 0
-516 -566 0
-516 -576 0
-526 -546 0
-526 -566 0
-526 -576 0
-546 -566 0
-546 -576 0
-566 -576 0
518 528 548 568 578 0
-518 -528 0
-518 -548 0
-518 -568 0
-518 -578 0
-528 -548 0
-528 -568 0
-528 -578 0
-548 -568 0
-548 -578 0
-568 -578 0
611 621 631 641 651 661 671 0
-611 -621 0
-611 -631 0
-611 -641 0
-611 -651 0
-611 -661 0
-611 -671 0
-621 -631 0
-621 -641 0
-621 -651 0
-621 -661 0
-621 -671 0
-631 -641 0
-631 -651 0
-631 -661 0
-631 -671 0
-641 -651 0
-641 -661 0
-641 -671 0
-651 -661 0
-651 -671 0
-661 -671 0
613 623 633 643 653 663 673 0
-613 -623 0
-613 -633 0
-613 -643 0
-613 -653 0
-613 -663 0
-613 -673 0
-623 -633 0
-623 -643 0
-623 -653 0
-623 -663 0
-623 -673 0
-633 -643 0
-633 -653 0
-633 -663 0
-633 -673 0
-643 -653 0
-643 -663 0
-643 -673 0
-653 -663 0
-653 -673 0
-663 -673 0
614 624 634 644 654 664 674 0
-614 -624 0
-614 -634 0
-614 -644 0
-614 -654 0
-614 -664 0
-614 -674 0
-624 -634 0
-624 -644 0
-624 -654 0
-624 -664 0
-624 -674 0
-634 -644 0
-634 -654 0
-634 -664 0
-634 -674 0
-644 -654 0
-644 -664 0
-644 -674 0
-654 -664 0
-654 -674 0
-664 -674 0
616 626 636 646 656 666 676 0
-616 -626 0
-616 -636 0
-616 -646 0
-616 -656 0
-616 -666 0
-616 -676 0
-626 -636 0
-626 -646 0
-626 -656 0
-626 -666 0
-626 -676 0
-636 -646 0
-636 -656 0
-636 -666 0
-636 -676 0
-646 -656 0
-646 -666 0
-646 -676 0
-656 -666 0
-656 -676 0
-666 -676 0
617 627 637 647 657 667 677 0
-617 -627 0
-617 -637 0
-617 -647 0
-617 -657 0
-617 -667 0
-617 -677 0
-627 -637 0
-627 -647 0
-627 -657 0
-627 -667 0
-627 -677 0
-637 -647 0
-637 -657 0
-637 -667 0
-637 -677 0
-647 -657 0
-647 -667 0
-647 -677 0
-657 -667 0
-657 -677 0
-667 -677 0
618 628 638 648 658 668 678 0
-618 -628 0
-618 -638 0
-618 -648 0
-618 -658 0
-618 -668 0
-618 -678 0
-628 -638 0
-628 -648 0
-628 -658 0
-628 -668 0
-628 -678 0
-638 -648 0
-638 -658 0
-638 -668 0
-638 -678 0
-648 -658 0
-648 -668 0
-648 -678 0
-658 -668 0
-658 -678 0
-668 -678 0
619 629 639 649 659 669 679 0
-619 -629 0
-619 -639 0
-619 -649 0
-619 -659 0
-619 -669 0
-619 -679 0
-629 -639 0
-629 -649 0
-629 -659 0
-629 -669 0
-629 -679 0
-639 -649 0
-639 -659 0
-639 -669 0
-639 -679 0
-649 -659 0
-649 -669 0
-649 -679 0
-659 -669 0
-659 -679 0
-669 -679 0
701 711 741 771 781 0
-701 -711 0
-701 -741 0
-701 -771 0
-701 -781 0
-711 -741 0
-711 -771 0
-711 -781 0
-741 -771 0
-741 -781 0
-771 -781 0
703 713 743 773 783 0
-703 -713 0
-703 -743 0
-703 -773 0
-703 -783 0
-713 -743 0
-713 -773 0
-713 -783 0
-743 -773 0
-743 -783 0
-773 -783 0
704 714 744 774 784 0
-704 -714 0
-704 -744 0
-704 -774 0
-704 -784 0
-714 -744 0
-714 -774 0
-714 -784 0
-744 -774 0
-744 -784 0
-774 -784 0
705 715 745 775 785 0
-705 -715 0
-705 -745 0
-705 -775 0
-705 -785 0
-715 -745 0
-715 -775 0
-715 -785 0
-745 -775 0
-745 -785 0
-775 -785 0
708 718 748 778 788 0
-708 -718 0
-708 -748 0
-708 -778 0
-708 -788 0
-718 -748 0
-718 -778 0
-718 -788 0
-748 -778 0
-748 -788 0
-778 -788 0
801 821 841 861 881 0
-801 -821 0
-801 -841 0
-801 -861 0
-801 -881 0
-821 -841 0
-821 -861 0
-821 -881 0
-841 -861 0
-841 -881 0
-861 -881 0
802 822 842 862 882 0
-802 -822 0
-802 -842 0
-802 -862 0
-802 -882 0
-822 -842 0
-822 -862 0
-822 -882 0
-842 -862 0
-842 -882 0
-862 -882 0
803 823 843 863 883 0
-803 -823 0
-803 -843 0
-803 -863 0
-803 -883 0
-823 -843 0
-823 -863 0
-823 -883 0
-843 -863 0
-843 -883 0
-863 -883 0
806 826 846 866 886 0
-806 -826 0
-806 -846 0
-806 -866 0
-806 -886 0
-826 -846 0
-826 -866 0
-826 -886 0
-846 -866 0
-846 -886 0
-866 -886 0
809 829 849 869 889 0
-809 -829 0
-809 -849 0
-809 -869 0
-809 -889 0
-829 -849 0
-829 -869 0
-829 -889 0
-849 -869 0
-849 -889 0
-869 -889 0
001 101 401 701 801 0
-001 -101 0
-001 -401 0
-001 -701 0
-001 -801 0
-101 -401 0
-101 -701 0
-101 -801 0
-401 -701 0
-401 -801 0
-701 -801 0
003 103 403 703 803 0
-003 -103 0
-003 -403 0
-003 -703 0
-003 -803 0
-103 -403 0
-103 -703 0
-103 -803 0
-403 -703 0
-403 -803 0
-703 -803 0
004 104 404 704 804 0
-004 -104 0
-004 -404 0
-004 -704 0
-004 -804 0
-104 -404 0
-104 -704 0
-104 -804 0
-404 -704 0
-404 -804 0
-704 -804 0
006 106 406 706 806 0
-006 -106 0
-006 -406 0
-006 -706 0
-006 -806 0
-106 -406 0
-106 -706 0
-106 -806 0
-406 -706 0
-406 -806 0
-706 -806 0
009 109 409 709 809 0
-009 -109 0
-009 -409 0
-009 -709 0
-009 -809 0
-109 -409 0
-109 -709 0
-109 -809 0
-409 -709 0
-409 -809 0
-709 -809 0
111 211 311 411 511 611 711 0
-111 -211 0
-111 -311 0
-111 -411 0
-111 -511 0
-111 -611 0
-111 -711 0
-211 -311 0
-211 -411 0
-211 -511 0
-211 -611 0
-211 -711 0
-311 -411 0
-311 -511 0
-311 -611 0
-311 -711 0
-411 -511 0
-411 -611 0
-411 -711 0
-511 -611 0
-511 -711 0
-611 -711 0
112 212 312 412 512 612 712 0
-112 -212 0
-112 -312 0
-112 -412 0
-112 -512 0
-112 -612 0
-112 -712 0
-212 -312 0
-212 -412 0
-212 -512 0
-212 -612 0
-212 -712 0
-312 -412 0
-312 -512 0
-312 -612 0
-312 -712 0
-412 -512 0
-412 -612 0
-412 -712 0
-512 -612 0
-512 -712 0
-612 -712 0
113 213 313 413 513 613 713 0
-113 -213 0
-113 -313 0
-113 -413 0
-113 -513 0
-113 -613 0
-113 -713 0
-213 -313 0
-213 -413 0
-213 -513 0
-213 -613 0
-213 -713 0
-313 -413 0
-313 -513 0
-313 -613 0
-313 -713 0
-413 -513 0
-413 -613 0
-413 -713 0
-513 -613 0
-513 -713 0
-613 -713 0
115 215 315 415 515 615 715 0
-115 -215 0
-115 -315 0
-115 -415 0
-115 -515 0
-115 -615 0
-115 -715 0
-215 -315 0
-215 -415 0
-215 -515 0
-215 -615 0
-215 -715 0
-315 -415 0
-315 -515 0
-315 -615 0
-315 -715 0
-415 -515 0
-415 -615 0
-415 -715 0
-515 -615 0
-515 -715 0
-615 -715 0
117 217 317 417 517 617 717 0
-117 -217 0
-117 -317 0
-117 -417 0
-117 -517 0
-117 -617 0
-117 -717 0
-217 -317 0
-217 -417 0
-217 -517 0
-217 -617 0
-217 -717 0
-317 -417 0
-317 -517 0
-317 -617 0
-317 -717 0
-417 -517 0
-417 -617 0
-417 -717 0
-517 -617 0
-517 -717 0
-617 -717 0
118 218 318 418 518 618 718 0
-118 -218 0
-118 -318 0
-118 -418 0
-118 -518 0
-118 -618 0
-118 -718 0
-218 -318 0
-218 -418 0
-218 -518 0
-218 -618 0
-218 -718 0
-318 -418 0
-318 -518 0
-318 -618 0
-318 -718 0
-418 -518 0
-418 -618 0
-418 -718 0
-518 -618 0
-518 -718 0
-618 -718 0
119 219 319 419 519 619 719 0
-119 -219 0
-119 -319 0
-119 -419 0
-119 -519 0
-119 -619 0
-119 -719 0
-219 -319 0
-219 -419 0
-219 -519 0
-219 -619 0
-219 -719 0
-319 -419 0
-319 -519 0
-319 -619 0
-319 -719 0
-419 -519 0
-419 -619 0
-419 -719 0
-519 -619 0
-519 -719 0
-619 -719 0
021 221 321 521 621 821 0
-021 -221 0
-021 -321 0
-021 -521 0
-021 -621 0
-021 -821 0
-221 -321 0
-221 -521 0
-221 -621 0
-221 -821 0
-321 -521 0
-321 -621 0
-321 -821 0
-521 -621 0
-521 -821 0
-621 -821 0
022 222 322 522 622 822 0
-022 -222 0
-022 -322 0
-022 -522 0
-022 -622 0
-022 -822 0
-222 -322 0
-222 -522 0
-222 -622 0
-222 -822 0
-322 -522 0
-322 -622 0
-322 -822 0
-522 -622 0
-522 -822 0
-622 -822 0
023 223 323 523 623 823 0
-023 -223 0
-023 -323 0
-023 -523 0
-023 -623 0
-023 -823 0
-223 -323 0
-223 -523 0
-223 -623 0
-223 -823 0
-323 -523 0
-323 -623 0
-323 -823 0
-523 -623 0
-523 -823 0
-623 -823 0
024 224 324 524 624 824 0
-024 -224 0
-024 -324 0
-024 -524 0
-024 -624 0
-024 -824 0
-224 -324 0
-224 -524 0
-224 -624 0
-224 -824 0
-324 -524 0
-324 -624 0
-324 -824 0
-524 -624 0
-524 -824 0
-624 -824 0
025 225 325 525 625 825 0
-025 -225 0
-025 -325 0
-025 -525 0
-025 -625 0
-025 -825 0
-225 -325 0
-225 -525 0
-225 -625 0
-225 -825 0
-325 -525 0
-325 -625 0
-325 -825 0
-525 -625 0
-525 -825 0
-625 -825 0
029 229 329 529 629 829 0
-029 -229 0
-029 -329 0
-029 -529 0
-029 -629 0
-029 -829 0
-229 -329 0
-229 -529 0
-229 -629 0
-229 -829 0
-329 -529 0
-329 -629 0
-329 -829 0
-529 -629 0
-529 -829 0
-629 -829 0
236 436 636 0
-236 -436 0
-236 -636 0
-436 -636 0
237 437 637 0
-237 -437 0
-237 -637 0
-437 -637 0
238 438 638 0
-238 -438 0
-238 -638 0
-438 -638 0
041 141 241 341 441 541 641 741 841 0
-041 -141 0
-041 -241 0
-041 -341 0
-041 -441 0
-041 -541 0
-041 -641 0
-041 -741 0
-041 -841 0
-141 -241 0
-141 -341 0
-141 -441 0
-141 -541 0
-141 -641 0
-141 -741 0
-141 -841 0
-241 -341 0
-241 -441 0
-241 -541 0
-241 -641 0
-241 -741 0
-241 -841 0
-341 -441 0
-341 -541 0
-341 -641 0
-341 -741 0
-341 -841 0
-441 -541 0
-441 -641 0
-441 -741 0
-441 -841 0
-541 -641 0
-541 -741 0
-541 -841 0
-641 -741 0
-641 -841 0
-741 -841 0
042 142 242 342 442 542 642 742 842 0
-042 -142 0
-042 -242 0
-042 -342 0
-042 -442 0
-042 -542 0
-042 -642 0
-042 -742 0
-042 -842 0
-142 -242 0
-142 -342 0
-142 -442 0
-142 -542 0
-142 -642 0
-142 -742 0
-142 -842 0
-242 -342 0
-242 -442 0
-242 -542 0
-242 -642 0
-242 -742 0
-242 -842 0
-342 -442 0
-342 -542 0
-342 -642 0
-342 -742 0
-342 -842 0
-442 -542 0
-442 -642 0
-442 -742 0
-442 -842 0
-542 -642 0
-542 -742 0
-542 -842 0
-642 -742 0
-642 -842 0
-742 -842 0
043 143 243 343 443 543 643 743 843 0
-043 -143 0
-043 -243 0
-043 -343 0
-043 -443 0
-043 -543 0
-043 -643 0
-043 -743 0
-043 -843 0
-143 -243 0
-143 -343 0
-143 -443 0
-143 -543 0
-143 -643 0
-143 -743 0
-143 -843 0
-243 -343 0
-243 -443 0
-243 -543 0
-243 -643 0
-243 -743 0
-243 -843 0
-343 -443 0
-343 -543 0
-343 -643 0
-343 -743 0
-343 -843 0
-443 -543 0
-443 -643 0
-443 -743 0
-443 -843 0
-543 -643 0
-543 -743 0
-543 -843 0
-643 -743 0
-643 -843 0
-743 -843 0
044 144 244 344 444 544 644 744 844 0
-044 -144 0
-044 -244 0
-044 -344 0
-044 -444 0
-044 -544 0
-044 -644 0
-044 -744 0
-044 -844 0
-144 -244 0
-144 -344 0
-144 -444 0
-144 -544 0
-144 -644 0
-144 -744 0
-144 -844 0
-244 -344 0
-244 -444 0
-244 -544 0
-244 -644 0
-244 -744 0
-244 -844 0
-344 -444 0
-344 -544 0
-344 -644 0
-344 -744 0
-344 -844 0
-444 -544 0
-444 -644 0
-444 -744 0
-444 -844 0
-544 -644 0
-544 -744 0
-544 -844 0
-644 -744 0
-644 -844 0
-744 -844 0
045 145 245 345 445 545 645 745 845 0
-045 -145 0
-045 -245 0
-045 -345 0
-045 -445 0
-045 -545 0
-045 -645 0
-045 -745 0
-045 -845 0
-145 -245 0
-145 -345 0
-145 -445 0
-145 -545 0
-145 -645 0
-145 -745 0
-145 -845 0
-245 -345 0
-245 -445 0
-245 -545 0
-245 -645 0
-245 -745 0
-245 -845 0
-345 -445 0
-345 -545 0
-345 -645 0
-345 -745 0
-345 -845 0
-445 -545 0
-445 -645 0
-445 -745 0
-445 -845 0
-545 -645 0
-545 -745 0
-545 -845 0
-645 -745 0
-645 -845 0
-745 -845 0
046 146 246 346 446 546 646 746 846 0
-046 -146 0
-046 -246 0
-046 -346 0
-046 -446 0
-046 -546 0
-046 -646 0
-046 -746 0
-046 -846 0
-146 -246 0
-146 -346 0
-146 -446 0
-146 -546 0
-146 -646 0
-146 -746 0
-146 -846 0
-246 -346 0
-246 -446 0
-246 -546 0
-246 -646 0
-246 -746 0
-246 -846 0
-346 -446 0
-346 -546 0
-346 -646 0
-346 -746 0
-346 -846 0
-446 -546 0
-446 -646 0
-446 -746 0
-446 -846 0
-546 -646 0
-546 -746 0
-546 -846 0
-646 -746 0
-646 -846 0
-746 -846 0
047 147 247 347 447 547 647 747 847 0
-047 -147 0
-047 -247 0
-047 -347 0
-047 -447 0
-047 -547 0
-047 -647 0
-047 -747 0
-047 -847 0
-147 -247 0
-147 -347 0
-147 -447 0
-147 -547 0
-147 -647 0
-147 -747 0
-147 -847 0
-247 -347 0
-247 -447 0
-247 -547 0
-247 -647 0
-247 -747 0
-247 -847 0
-347 -447 0
-347 -547 0
-347 -647 0
-347 -747 0
-347 -847 0
-447 -547 0
-447 -647 0
-447 -747 0
-447 -847 0
-547 -647 0
-547 -747 0
-547 -847 0
-647 -747 0
-647 -847 0
-747 -847 0
048 148 248 348 448 548 648 748 848 0
-048 -148 0
-048 -248 0
-048 -348 0
-048 -448 0
-048 -548 0
-048 -648 0
-048 -748 0
-048 -848 0
-148 -248 0
-148 -348 0
-148 -448 0
-148 -548 0
-148 -648 0
-148 -748 0
-148 -848 0
-248 -348 0
-248 -448 0
-248 -548 0
-248 -648 0
-248 -748 0
-248 -848 0
-348 -448 0
-348 -548 0
-348 -648 0
-348 -748 0
-348 -848 0
-448 -548 0
-448 -648 0
-448 -748 0
-448 -848 0
-548 -648 0
-548 -748 0
-548 -848 0
-648 -748 0
-648 -848 0
-748 -848 0
049 149 249 349 449 549 649 749 849 0
-049 -149 0
-049 -249 0
-049 -349 0
-049 -449 0
-049 -549 0
-049 -649 0
-049 -749 0
-049 -849 0
-149 -249 0
-149 -349 0
-149 -449 0
-149 -549 0
-149 -649 0
-149 -749 0
-149 -849 0
-249 -349 0
-249 -449 0
-249 -549 0
-249 -649 0
-249 -749 0
-249 -849 0
-349 -449 0
-349 -549 0
-349 -649 0
-349 -749 0
-349 -849 0
-449 -549 0
-449 -649 0
-449 -749 0
-449 -849 0
-549 -649 0
-549 -749 0
-549 -849 0
-649 -749 0
-649 -849 0
-749 -849 0
252 452 652 0
-252 -452 0
-252 -652 0
-452 -652 0
253 453 653 0
-253 -453 0
-253 -653 0
-453 -653 0
259 459 659 0
-259 -459 0
-259 -659 0
-459 -659 0
061 261 361 561 661 861 0
-061 -261 0
-061 -361 0
-061 -561 0
-061 -661 0
-061 -861 0
-261 -361 0
-261 -561 0
-261 -661 0
-261 -861 0
-361 -561 0
-361 -661 0
-361 -861 0
-561 -661 0
-561 -861 0
-661 -861 0
062 262 362 562 662 862 0
-062 -262 0
-062 -362 0
-062 -562 0
-062 -662 0
-062 -862 0
-262 -362 0
-262 -562 0
-262 -662 0
-262 -862 0
-362 -562 0
-362 -662 0
-362 -862 0
-562 -662 0
-562 -862 0
-662 -862 0
064 264 364 564 664 864 0
-064 -264 0
-064 -364 0
-064 -564 0
-064 -664 0
-064 -864 0
-264 -364 0
-264 -564 0
-264 -664 0
-264 -864 0
-364 -564 0
-364 -664 0
-364 -864 0
-564 -664 0
-564 -864 0
-664 -864 0
065 265 365 565 665 865 0
-065 -265 0
-065 -365 0
-065 -565 0
-065 -665 0
-065 -865 0
-265 -365 0
-265 -565 0
-265 -665 0
-265 -865 0
-365 -565 0
-365 -665 0
-365 -865 0
-565 -665 0
-565 -865 0
-665 -865 0
067 267 367 567 667 867 0
-067 -267 0
-067 -367 0
-067 -567 0
-067 -667 0
-067 -867 0
-267 -367 0
-267 -567 0
-267 -667 0
-267 -867 0
-367 -567 0
-367 -667 0
-367 -867 0
-567 -667 0
-567 -867 0
-667 -867 0
068 268 368 568 668 868 0
-068 -268 0
-068 -368 0
-068 -568 0
-068 -668 0
-068 -868 0
-268 -368 0
-268 -568 0
-268 -668 0
-268 -868 0
-368 -568 0
-368 -668 0
-368 -868 0
-568 -668 0
-568 -868 0
-668 -868 0
171 271 371 471 571 671 771 0
-171 -271 0
-171 -371 0
-171 -471 0
-171 -571 0
-171 -671 0
-171 -771 0
-271 -371 0
-271 -471 0
-271 -571 0
-271 -671 0
-271 -771 0
-371 -471 0
-371 -571 0
-371 -671 0
-371 -771 0
-471 -571 0
-471 -671 0
-471 -771 0
-571 -671 0
-571 -771 0
-671 -771 0
172 272 372 472 572 672 772 0
-172 -272 0
-172 -372 0
-172 -472 0
-172 -572 0
-172 -672 0
-172 -772 0
-272 -372 0
-272 -472 0
-272 -572 0
-272 -672 0
-272 -772 0
-372 -472 0
-372 -572 0
-372 -672 0
-372 -772 0
-472 -572 0
-472 -672 0
-472 -772 0
-572 -672 0
-572 -772 0
-672 -772 0
173 273 373 473 573 673 773 0
-173 -273 0
-173 -373 0
-173 -473 0
-173 -573 0
-173 -673 0
-173 -773 0
-273 -373 0
-273 -473 0
-273 -573 0
-273 -673 0
-273 -773 0
-373 -473 0
-373 -573 0
-373 -673 0
-373 -773 0
-473 -573 0
-473 -673 0
-473 -773 0
-573 -673 0
-573 -773 0
-673 -773 0
174 274 374 474 574 674 774 0
-174 -274 0
-174 -374 0
-174 -474 0
-174 -574 0
-174 -674 0
-174 -774 0
-274 -374 0
-274 -474 0
-274 -574 0
-274 -674 0
-274 -774 0
-374 -474 0
-374 -574 0
-374 -674 0
-374 -774 0
-474 -574 0
-474 -674 0
-474 -774 0
-574 -674 0
-574 -774 0
-674 -774 0
176 276 376 476 576 676 776 0
-176 -276 0
-176 -376 0
-176 -476 0
-176 -576 0
-176 -676 0
-176 -776 0
-276 -376 0
-276 -476 0
-276 -576 0
-276 -676 0
-276 -776 0
-376 -476 0
-376 -576 0
-376 -676 0
-376 -776 0
-476 -576 0
-476 -676 0
-476 -776 0
-576 -676 0
-576 -776 0
-676 -776 0
178 278 378 478 578 678 778 0
-178 -278 0
-178 -378 0
-178 -478 0
-178 -578 0
-178 -678 0
-178 -778 0
-278 -378 0
-278 -478 0
-278 -578 0
-278 -678 0
-278 -778 0
-378 -478 0
-378 -578 0
-378 -678 0
-378 -778 0
-478 -578 0
-478 -678 0
-478 -778 0
-578 -678 0
-578 -778 0
-678 -778 0
179 279 379 479 579 679 779 0
-179 -279 0
-179 -379 0
-179 -479 0
-179 -579 0
-179 -679 0
-179 -779 0
-279 -379 0
-279 -479 0
-279 -579 0
-279 -679 0
-279 -779 0
-379 -479 0
-379 -579 0
-379 -679 0
-379 -779 0
-479 -579 0
-479 -679 0
-479 -779 0
-579 -679 0
-579 -779 0
-679 -779 0
083 183 483 783 883 0
-083 -183 0
-083 -483 0
-083 -783 0
-083 -883 0
-183 -483 0
-183 -783 0
-183 -883 0
-483 -783 0
-483 -883 0
-783 -883 0
085 185 485 785 885 0
-085 -185 0
-085 -485 0
-085 -785 0
-085 -885 0
-185 -485 0
-185 -785 0
-185 -885 0
-485 -785 0
-485 -885 0
-785 -885 0
087 187 487 787 887 0
-087 -187 0
-087 -487 0
-087 -787 0
-087 -887 0
-187 -487 0
-187 -787 0
-187 -887 0
-487 -787 0
-487 -887 0
-787 -887 0
088 188 488 788 888 0
-088 -188 0
-088 -488 0
-088 -788 0
-088 -888 0
-188 -488 0
-188 -788 0
-188 -888 0
-488 -788 0
-488 -888 0
-788 -888 0
089 189 489 789 889 0
-089 -189 0
-089 -489 0
-089 -789 0
-089 -889 0
-189 -489 0
-189 -789 0
-189 -889 0
-489 -789 0
-489 -889 0
-789 -889 0
-001 -002 0
-001 -003 0
-001 -004 0
-001 -005 0
-001 -006 0
-001 -007 0
-001 -008 0
-001 -009 0
-002 -003 0
-002 -004 0
-002 -005 0
-002 -006 0
-002 -007 0
-002 -008 0
-002 -009 0
-003 -004 0
-003 -005 0
-003 -006 0
-003 -007 0
-003 -008 0
-003 -009 0
-004 -005 0
-004 -006 0
-004 -007 0
-004 -008 0
-004 -009 0
-005 -006 0
-005 -007 0
-005 -008 0
-005 -009 0
-006 -007 0
-006 -008 0
-006 -009 0
-007 -008 0
-007 -009 0
-008 -009 0
-021 -022 0
-021 -023 0
-021 -024 0
-021 -025 0
-021 -026 0
-021 -027 0
-021 -028 0
-021 -029 0
-022 -023 0
-022 -024 0
-022 -025 0
-022 -026 0
-022 -027 0
-022 -028 0
-022 -029 0
-023 -024 0
-023 -025 0
-023 -026 0
-023 -027 0
-023 -028 0
-023 -029 0
-024 -025 0
-024 -026 0
-024 -027 0
-024 -028 0
-024 -029 0
-025 -026 0
-025 -027 0
-025 -028 0
-025 -029 0
-026 -027 0
-026 -028 0
-026 -029 0
-027 -028 0
-027 -029 0
-028 -029 0
-041 -042 0
-041 -043 0
-041 -044 0
-041 -045 0
-041 -046 0
-041 -047 0
-041 -048 0
-041 -049 0
-042 -043 0
-042 -044 0
-042 -045 0
-042 -046 0
-042 -047 0
-042 -048 0
-042 -049 0
-043 -044 0
-043 -045 0
-043 -046 0
-043 -047 0
-043 -048 0
-043 -049 0
-044 -045 0
-044 -046 0
-044 -047 0
-044 -048 0
-044 -049 0
-045 -046 0
-045 -047 0
-045 -048 0
-045 -049 0
-046 -047 0
-046 -048 0
-046 -049 0
-047 -048 0
-047 -049 0
-048 -049 0
-061 -062 0
-061 -063 0
-061 -064 0
-061 -065 0
-061 -066 0
-061 -067 0
-061 -068 0
-061 -069 0
-062 -063 0
-062 -064 0
-062 -065 0
-062 -066 0
-062 -067 0
-062 -068 0
-062 -069 0
-063 -064 0
-063 -065 0
-063 -066 0
-063 -067 0
-063 -068 0
-063 -069 0
-064 -065 0
-064 -066 0
-064 -067 0
-064 -068 0
-064 -069 0
-065 -066 0
-065 -067 0
-065 -068 0
-065 -069 0
-066 -067 0
-066 -068 0
-066 -069 0
-067 -068 0
-067 -069 0
-068 -069 0
-081 -082 0
-081 -083 0
-081 -084 0
-081 -085 0
-081 -086 0
-081 -087 0
-081 -088 0
-081 -089 0
-082 -083 0
-082 -084 0
-082 -085 0
-082 -086 0
-082 -087 0
-082 -088 0
-082 -089 0
-083 -084 0
-083 -085 0
-083 -086 0
-083 -087 0
-083 -088 0
-083 -089 0
-084 -085 0
-084 -086 0
-084 -087 0
-084 -088 0
-084 -089 0
-085 -086 0
-085 -087 0
-085 -088 0
-085 -089 0
-086 -087 0
-086 -088 0
-086 -089 0
-087 -088 0
-087 -089 0
-088 -089 0
-101 -102 0
-101 -103 0
-101 -104 0
-101 -105 0
-101 -106 0
-101 -107 0
-101 -108 0
-101 -109 0
-102 -103 0
-102 -104 0
-102 -105 0
-102 -106 0
-102 -107 0
-102 -108 0
-102 -109 0
-103 -104 0
-103 -105 0
-103 -106 0
-103 -107 0
-103 -108 0
-103 -109 0
-104 -105 0
-104 -106 0
-104 -107 0
-104 -108 0
-104 -109 0
-105 -106 0
-105 -107 0
-105 -108 0
-105 -109 0
-106 -107 0
-106 -108 0
-106 -109 0
-107 -108 0
-107 -109 0
-108 -109 0
-111 -112 0
-111 -113 0
-111 -114 0
-111 -115 0
-111 -116 0
-111 -117 0
-111 -118 0
-111 -119 0
-112 -113 0
-112 -114 0
-112 -115 0
-112 -116 0
-112 -117 0
-112 -118 0
-112 -119 0
-113 -114 0
-113 -115 0
-113 -116 0
-113 -117 0
-113 -118 0
-113 -119 0
-114 -115 0
-114 -116 0
-114 -117 0
-114 -118 0
-114 -119 0
-115 -116 0
-115 -117 0
-115 -118 0
-115 -119 0
-116 -117 0
-116 -118 0
-116 -119 0
-117 -118 0
-117 -119 0
-118 -119 0
-141 -142 0
-141 -143 0
-141 -144 0
-141 -145 0
-141 -146 0
-141 -147 0
-141 -148 0
-141 -149 0
-142 -143 0
-142 -144 0
-142 -145 0
-142 -146 0
-142 -147 0
-142 -148 0
-142 -149 0
-143 -144 0
-143 -145 0
-143 -146 0
-143 -147 0
-143 -148 0
-143 -149 0
-144 -145 0
-144 -146 0
-144 -147 0
-144 -148 0
-144 -149 0
-145 -146 0
-145 -147 0
-145 -148 0
-145 -149 0
-146 -147 0
-146 -148 0
-146 -149 0
-147 -148 0
-147 -149 0
-148 -149 0
-171 -172 0
-171 -173 0
-171 -174 0
-171 -175 0
-171 -176 0
-171 -177 0
-171 -178 0
-171 -179 0
-172 -173 0
-172 -174 0
-172 -175 0
-172 -176 0
-172 -177 0
-172 -178 0
-172 -179 0
-173 -174 0
-173 -175 0
-173 -176 0
-173 -177 0
-173 -178 0
-173 -179 0
-174 -175 0
-174 -176 0
-174 -177 0
-174 -178 0
-174 -179 0
-175 -176 0
-175 -177 0
-175 -178 0
-175 -179 0
-176 -177 0
-176 -178 0
-176 -179 0
-177 -178 0
-177 -179 0
-178 -179 0
-181 -182 0
-181 -183 0
-181 -184 0
-181 -185 0
-181 -186 0
-181 -187 0
-181 -188 0
-181 -189 0
-182 -183 0
-182 -184 0
-182 -185 0
-182 -186 0
-182 -187 0
-182 -188 0
-182 -189 0
-183 -184 0
-183 -185 0
-183 -186 0
-183 -187 0
-183 -188 0
-183 -189 0
-184 -185 0
-184 -186 0
-184 -187 0
-184 -188 0
-184 -189 0
-185 -186 0
-185 -187 0
-185 -188 0
-185 -189 0
-186 -187 0
-186 -188 0
-186 -189 0
-187 -188 0
-187 -189 0
-188 -189 0
-211 -212 0
-211 -213 0
-211 -214 0
-211 -215 0
-211 -216 0
-211 -217 0
-211 -218 0
-211 -219 0
-212 -213 0
-212 -214 0
-212 -215 0
-212 -216 0
-212 -217 0
-212 -218 0
-212 -219 0
-213 -214 0
-213 -215 0
-213 -216 0
-213 -217 0
-213 -218 0
-213 -219 0
-214 -215 0
-214 -216 0
-214 -217 0
-214 -218 0
-214 -219 0
-215 -216 0
-215 -217 0
-215 -218 0
-215 -219 0
-216 -217 0
-216 -218 0
-216 -219 0
-217 -218 0
-217 -219 0
-218 -219 0
-221 -222 0
-221 -223 0
-221 -224 0
-221 -225 0
-221 -226 0
-221 -227 0
-221 -228 0
-221 -229 0
-222 -223 0
-222 -224 0
-222 -225 0
-222 -226 0
-222 -227 0
-222 -228 0
-222 -229 0
-223 -224 0
-223 -225 0
-223 -226 0
-223 -227 0
-223 -228 0
-223 -229 0
-224 -225 0
-224 -226 0
-224 -227 0
-224 -228 0
-224 -229 0
-225 -226 0
-225 -227 0
-225 -228 0
-225 -229 0
-226 -227 0
-226 -228 0
-226 -229 0
-227 -228 0
-227 -229 0
-228 -229 0
-231 -232 0
-231 -233 0
-231 -234 0
-231 -235 0
-231 -236 0
-231 -237 0
-231 -238 0
-231 -239 0
-232 -233 0
-232 -234 0
-232 -235 0
-232 -236 0
-232 -237 0
-232 -238 0
-232 -239 0
-233 -234 0
-233 -235 0
-233 -236 0
-233 -237 0
-233 -238 0
-233 -239 0
-234 -235 0
-234 -236 0
-234 -237 0
-234 -238 0
-234 -239 0
-235 -236 0
-235 -237 0
-235 -238 0
-235 -239 0
-236 -237 0
-236 -238 0
-236 -239 0
-237 -238 0
-237 -239 0
-238 -239 0
-241 -242 0
-241 -243 0
-241 -244 0
-241 -245 0
-241 -246 0
-241 -247 0
-241 -248 0
-241 -249 0
-242 -243 0
-242 -244 0
-242 -245 0
-242 -246 0
-242 -247 0
-242 -248 0
-242 -249 0
-243 -244 0
-243 -245 0
-243 -246 0
-243 -247 0
-243 -248 0
-243 -249 0
-244 -245 0
-244 -246 0
-244 -247 0
-244 -248 0
-244 -249 0
-245 -246 0
-245 -247 0
-245 -248 0
-245 -249 0
-246 -247 0
-246 -248 0
-246 -249 0
-247 -248 0
-247 -249 0
-248 -249 0
-251 -252 0
-251 -253 0
-251 -254 0
-251 -255 0
-251 -256 0
-251 -257 0
-251 -258 0
-251 -259 0
-252 -253 0
-252 -254 0
-252 -255 0
-252 -256 0
-252 -257 0
-252 -258 0
-252 -259 0
-253 -254 0
-253 -255 0
-253 -256 0
-253 -257 0
-253 -258 0
-253 -259 0
-254 -255 0
-254 -256 0
-254 -257 0
-254 -258 0
-254 -259 0
-255 -256 0
-255 -257 0
-255 -258 0
-255 -259 0
-256 -257 0
-256 -258 0
-256 -259 0
-257 -258 0
-257 -259 0
-258 -259 0
-261 -262 0
-261 -263 0
-261 -264 0
-261 -265 0
-261 -266 0
-261 -267 0
-261 -268 0
-261 -269 0
-262 -263 0
-262 -264 0
-262 -265 0
-262 -266 0
-262 -267 0
-262 -268 0
-262 -269 0
-263 -264 0
-263 -265 0
-263 -266 0
-263 -267 0
-263 -268 0
-263 -269 0
-264 -265 0
-264 -266 0
-264 -267 0
-264 -268 0
-264 -269 0
-265 -266 0
-265 -267 0
-265 -268 0
-265 -269 0
-266 -267 0
-266 -268 0
-266 -269 0
-267 -268 0
-267 -269 0
-268 -269 0
-271 -272 0
-271 -273 0
-271 -274 0
-271 -275 0
-271 -276 0
-271 -277 0
-271 -278 0
-271 -279 0
-272 -273 0
-272 -274 0
-272 -275 0
-272 -276 0
-272 -277 0
-272 -278 0
-272 -279 0
-273 -274 0
-273 -275 0
-273 -276 0
-273 -277 0
-273 -278 0
-273 -279 0
-274 -275 0
-274 -276 0
-274 -277 0
-274 -278 0
-274 -279 0
-275 -276 0
-275 -277 0
-275 -278 0
-275 -279 0
-276 -277 0
-276 -278 0
-276 -279 0
-277 -278 0
-277 -279 0
-278 -279 0
-311 -312 0
-311 -313 0
-311 -314 0
-311 -315 0
-311 -316 0
-311 -317 0
-311 -318 0
-311 -319 0
-312 -313 0
-312 -314 0
-312 -315 0
-312 -316 0
-312 -317 0
-312 -318 0
-312 -319 0
-313 -314 0
-313 -315 0
-313 -316 0
-313 -317 0
-313 -318 0
-313 -319 0
-314 -315 0
-314 -316 0
-314 -317 0
-314 -318 0
-314 -319 0
-315 -316 0
-315 -317 0
-315 -318 0
-315 -319 0
-316 -317 0
-316 -318 0
-316 -319 0
-317 -318 0
-317 -319 0
-318 -319 0
-321 -322 0
-321 -323 0
-321 -324 0
-321 -325 0
-321 -326 0
-321 -327 0
-321 -328 0
-321 -329 0
-322 -323 0
-322 -324 0
-322 -325 0
-322 -326 0
-322 -327 0
-322 -328 0
-322 -329 0
-323 -324 0
-323 -325 0
-323 -326 0
-323 -327 0
-323 -328 0
-323 -329 0
-324 -325 0
-324 -326 0
-324 -327 0
-324 -328 0
-324 -329 0
-325 -326 0
-325 -327 0
-325 -328 0
-325 -329 0
-326 -327 0
-326 -328 0
-326 -329 0
-327 -328 0
-327 -329 0
-328 -329 0
-341 -342 0
-341 -343 0
-341 -344 0
-341 -345 0
-341 -346 0
-341 -347 0
-341 -348 0
-341 -349 0
-342 -343 0
-342 -344 0
-342 -345 0
-342 -346 0
-342 -347 0
-342 -348 0
-342 -349 0
-343 -344 0
-343 -345 0
-343 -346 0
-343 -347 0
-343 -348 0
-343 -349 0
-344 -345 0
-344 -346 0
-344 -347 0
-344 -348 0
-344 -349 0
-345 -346 0
-345 -347 0
-345 -348 0
-345 -349 0
-346 -347 0
-346 -348 0
-346 -349 0
-347 -348 0
-347 -349 0
-348 -349 0
-361 -362 0
-361 -363 0
-361 -364 0
-361 -365 0
-361 -366 0
-361 -367 0
-361 -368 0
-361 -369 0
-362 -363 0
-362 -364 0
-362 -365 0
-362 -366 0
-362 -367 0
-362 -368 0
-362 -369 0
-363 -364 0
-363 -365 0
-363 -366 0
-363 -367 0
-363 -368 0
-363 -369 0
-364 -365 0
-364 -366 0
-364 -367 0
-364 -368 0
-364 -369 0
-365 -366 0
-365 -367 0
-365 -368 0
-365 -369 0
-366 -367 0
-366 -368 0
-366 -369 0
-367 -368 0
-367 -369 0
-368 -369 0
-371 -372 0
-371 -373 0
-371 -374 0
-371 -375 0
-371 -376 0
-371 -377 0
-371 -378 0
-371 -379 0
-372 -373 0
-372 -374 0
-372 -375 0
-372 -376 0
-372 -377 0
-372 -378 0
-372 -379 0
-373 -374 0
-373 -375 0
-373 -376 0
-373 -377 0
-373 -378 0
-373 -379 0
-374 -375 0
-374 -376 0
-374 -377 0
-374 -378 0
-374 -379 0
-375 -376 0
-375 -377 0
-375 -378 0
-375 -379 0
-376 -377 0
-376 -378 0
-376 -379 0
-377 -378 0
-377 -379 0
-378 -379 0
-401 -402 0
-401 -403 0
-401 -404 0
-401 -405 0
-401 -406 0
-401 -407 0
-401 -408 0
-401 -409 0
-402 -403 0
-402 -404 0
-402 -405 0
-402 -406 0
-402 -407 0
-402 -408 0
-402 -409 0
-403 -404 0
-403 -405 0
-403 -406 0
-403 -407 0
-403 -408 0
-403 -409 0
-404 -405 0
-404 -406 0
-404 -407 0
-404 -408 0
-404 -409 0
-405 -406 0
-405 -407 0
-405 -408 0
-405 -409 0
-406 -407 0
-406 -408 0
-406 -409 0
-407 -408 0
-407 -409 0
-408 -409 0
-411 -412 0
-411 -413 0
-411 -414 0
-411 -415 0
-411 -416 0
-411 -417 0
-411 -418 0
-411 -419 0
-412 -413 0
-412 -414 0
-412 -415 0
-412 -416 0
-412 -417 0
-412 -418 0
-412 -419 0
-413 -414 0
-413 -415 0
-413 -416 0
-413 -417 0
-413 -418 0
-413 -419 0
-414 -415 0
-414 -416 0
-414 -417 0
-414 -418 0
-414 -419 0
-415 -416 0
-415 -417 0
-415 -418 0
-415 -419 0
-416 -417 0
-416 -418 0
-416 -419 0
-417 -418 0
-417 -419 0
-418 -419 0
-431 -432 0
-431 -433 0
-431 -434 0
-431 -435 0
-431 -436 0
-431 -437 0
-431 -438 0
-431 -439 0
-432 -433 0
-432 -434 0
-432 -435 0
-432 -436 0
-432 -437 0
-432 -438 0
-432 -439 0
-433 -434 0
-433 -435 0
-433 -436 0
-433 -437 0
-433 -438 0
-433 -439 0
-434 -435 0
-434 -436 0
-434 -437 0
-434 -438 0
-434 -439 0
-435 -436 0
-435 -437 0
-435 -438 0
-435 -439 0
-436 -437 0
-436 -438 0
-436 -439 0
-437 -438 0
-437 -439 0
-438 -439 0
-441 -442 0
-441 -443 0
-441 -444 0
-441 -445 0
-441 -446 0
-441 -447 0
-441 -448 0
-441 -449 0
-442 -443 0
-442 -444 0
-442 -445 0
-442 -446 0
-442 -447 0
-442 -448 0
-442 -449 0
-443 -444 0
-443 -445 0
-443 -446 0
-443 -447 0
-443 -448 0
-443 -449 0
-444 -445 0
-444 -446 0
-444 -447 0
-444 -448 0
-444 -449 0
-445 -446 0
-445 -447 0
-445 -448 0
-445 -449 0
-446 -447 0
-446 -448 0
-446 -449 0
-447 -448 0
-447 -449 0
-448 -449 0
-451 -452 0
-451 -453 0
-451 -454 0
-451 -455 0
-451 -456 0
-451 -457 0
-451 -458 0
-451 -459 0
-452 -453 0
-452 -454 0
-452 -455 0
-452 -456 0
-452 -457 0
-452 -458 0
-452 -459 0
-453 -454 0
-453 -455 0
-453 -456 0
-453 -457 0
-453 -458 0
-453 -459 0
-454 -455 0
-454 -456 0
-454 -457 0
-454 -458 0
-454 -459 0
-455 -456 0
-455 -457 0
-455 -458 0
-455 -459 0
-456 -457 0
-456 -458 0
-456 -459 0
-457 -458 0
-457 -459 0
-458 -459 0
-471 -472 0
-471 -473 0
-471 -474 0
-471 -475 0
-471 -476 0
-471 -477 0
-471 -478 0
-471 -479 0
-472 -473 0
-472 -474 0
-472 -475 0
-472 -476 0
-472 -477 0
-472 -478 0
-472 -479 0
-473 -474 0
-473 -475 0
-473 -476 0
-473 -477 0
-473 -478 0
-473 -479 0
-474 -475 0
-474 -476 0
-474 -477 0
-474 -478 0
-474 -479 0
-475 -476 0
-475 -477 0
-475 -478 0
-475 -479 0
-476 -477 0
-476 -478 0
-476 -479 0
-477 -478 0
-477 -479 0
-478 -479 0
-481 -482 0
-481 -483 0
-481 -484 0
-481 -485 0
-481 -486 0
-481 -487 0
-481 -488 0
-481 -489 0
-482 -483 0
-482 -484 0
-482 -485 0
-482 -486 0
-482 -487 0
-482 -488 0
-482 -489 0
-483 -484 0
-483 -485 0
-483 -486 0
-483 -487 0
-483 -488 0
-483 -489 0
-484 -485 0
-484 -486 0
-484 -487 0
-484 -488 0
-484 -489 0
-485 -486 0
-485 -487 0
-485 -488 0
-485 -489 0
-486 -487 0
-486 -488 0
-486 -489 0
-487 -488 0
-487 -489 0
-488 -489 0
-511 -512 0
-511 -513 0
-511 -514 0
-511 -515 0
-511 -516 0
-511 -517 0
-511 -518 0
-511 -519 0
-512 -513 0
-512 -514 0
-512 -515 0
-512 -516 0
-512 -517 0
-512 -518 0
-512 -519 0
-513 -514 0
-513 -515 0
-513 -516 0
-513 -517 0
-513 -518 0
-513 -519 0
-514 -515 0
-514 -516 0
-514 -517 0
-514 -518 0
-514 -519 0
-515 -516 0
-515 -517 0
-515 -518 0
-515 -519 0
-516 -517 0
-516 -518 0
-516 -519 0
-517 -518 0
-517 -519 0
-518 -519 0
-521 -522 0
-521 -523 0
-521 -524 0
-521 -525 0
-521 -526 0
-521 -527 0
-521 -528 0
-521 -529 0
-522 -523 0
-522 -524 0
-522 -525 0
-522 -526 0
-522 -527 0
-522 -528 0
-522 -529 0
-523 -524 0
-523 -525 0
-523 -526 0
-523 -527 0
-523 -528 0
-523 -529 0
-524 -525 0
-524 -526 0
-524 -527 0
-524 -528 0
-524 -529 0
-525 -526 0
-525 -527 0
-525 -528 0
-525 -529 0
-526 -527 0
-526 -528 0
-526 -529 0
-527 -528 0
-527 -529 0
-528 -529 0
-541 -542 0
-541 -543 0
-541 -544 0
-541 -545 0
-541 -546 0
-541 -547 0
-541 -548 0
-541 -549 0
-542 -543 0
-542 -544 0
-542 -545 0
-542 -546 0
-542 -547 0
-542 -548 0
-542 -549 0
-543 -544 0
-543 -545 0
-543 -546 0
-543 -547 0
-543 -548 0
-543 -549 0
-544 -545 0
-544 -546 0
-544 -547 0
-544 -548 0
-544 -549 0
-545 -546 0
-545 -547 0
-545 -548 0
-545 -549 0
-546 -547 0
-546 -548 0
-546 -549 0
-547 -548 0
-547 -549 0
-548 -549 0
-561 -562 0
-561 -563 0
-561 -564 0
-561 -565 0
-561 -566 0
-561 -567 0
-561 -568 0
-561 -569 0
-562 -563 0
-562 -564 0
-562 -565 0
-562 -566 0
-562 -567 0
-562 -568 0
-562 -569 0
-563 -564 0
-563 -565 0
-563 -566 0
-563 -567 0
-563 -568 0
-563 -569 0
-564 -565 0
-564 -566 0
-564 -567 0
-564 -568 0
-564 -569 0
-565 -566 0
-565 -567 0
-565 -568 0
-565 -569 0
-566 -567 0
-566 -568 0
-566 -569 0
-567 -568 0
-567 -569 0
-568 -569 0
-571 -572 0
-571 -573 0
-571 -574 0
-571 -575 0
-571 -576 0
-571 -577 0
-571 -578 0
-571 -579 0
-572 -573 0
-572 -574 0
-572 -575 0
-572 -576 0
-572 -577 0
-572 -578 0
-572 -579 0
-573 -574 0
-573 -575 0
-573 -576 0
-573 -577 0
-573 -578 0
-573 -579 0
-574 -575 0
-574 -576 0
-574 -577 0
-574 -578 0
-574 -579 0
-575 -576 0
-575 -577 0
-575 -578 0
-575 -579 0
-576 -577 0
-576 -578 0
-576 -579 0
-577 -578 0
-577 -579 0
-578 -579 0
-611 -612 0
-611 -613 0
-611 -614 0
-611 -615 0
-611 -616 0
-611 -617 0
-611 -618 0
-611 -619 0
-612 -613 0
-612 -614 0
-612 -615 0
-612 -616 0
-612 -617 0
-612 -618 0
-612 -619 0
-613 -614 0
-613 -615 0
-613 -616 0
-613 -617 0
-613 -618 0
-613 -619 0
-614 -615 0
-614 -616 0
-614 -617 0
-614 -618 0
-614 -619 0
-615 -616 0
-615 -617 0
-615 -618 0
-615 -619 0
-616 -617 0
-616 -618 0
-616 -619 0
-617 -618 0
-617 -619 0
-618 -619 0
-621 -622 0
-621 -623 0
-621 -624 0
-621 -625 0
-621 -626 0
-621 -627 0
-621 -628 0
-621 -629 0
-622 -623 0
-622 -624 0
-622 -625 0
-622 -626 0
-622 -627 0
-622 -628 0
-622 -629 0
-623 -624 0
-623 -625 0
-623 -626 0
-623 -627 0
-623 -628 0
-623 -629 0
-624 -625 0
-624 -626 0
-624 -627 0
-624 -628 0
-624 -629 0
-625 -626 0
-625 -627 0
-625 -628 0
-625 -629 0
-626 -627 0
-626 -628 0
-626 -629 0
-627 -628 0
-627 -629 0
-628 -629 0
-631 -632 0
-631 -633 0
-631 -634 0
-631 -635 0
-631 -636 0
-631 -637 0
-631 -638 0
-631 -639 0
-632 -633 0
-632 -634 0
-632 -635 0
-632 -636 0
-632 -637 0
-632 -638 0
-632 -639 0
-633 -634 0
-633 -635 0
-633 -636 0
-633 -637 0
-633 -638 0
-633 -639 0
-634 -635 0
-634 -636 0
-634 -637 0
-634 -638 0
-634 -639 0
-635 -636 0
-635 -637 0
-635 -638 0
-635 -639 0
-636 -637 0
-636 -638 0
-636 -639 0
-637 -638 0
-637 -639 0
-638 -639 0
-641 -642 0
-641 -643 0
-641 -644 0
-641 -645 0
-641 -646 0
-641 -647 0
-641 -648 0
-641 -649 0
-642 -643 0
-642 -644 0
-642 -645 0
-642 -646 0
-642 -647 0
-642 -648 0
-642 -649 0
-643 -644 0
-643 -645 0
-643 -646 0
-643 -647 0
-643 -648 0
-643 -649 0
-644 -645 0
-644 -646 0
-644 -647 0
-644 -648 0
-644 -649 0
-645 -646 0
-645 -647 0
-645 -648 0
-645 -649 0
-646 -647 0
-646 -648 0
-646 -649 0
-647 -648 0
-647 -649 0
-648 -649 0
-651 -652 0
-651 -653 0
-651 -654 0
-651 -655 0
-651 -656 0
-651 -657 0
-651 -658 0
-651 -659 0
-652 -653 0
-652 -654 0
-652 -655 0
-652 -656 0
-652 -657 0
-652 -658 0
-652 -659 0
-653 -654 0
-653 -655 0
-653 -656 0
-653 -657 0
-653 -658 0
-653 -659 0
-654 -655 0
-654 -656 0
-654 -657 0
-654 -658 0
-654 -659 0
-655 -656 0
-655 -657 0
-655 -658 0
-655 -659 0
-656 -657 0
-656 -658 0
-656 -659 0
-657 -658 0
-657 -659 0
-658 -659 0
-661 -662 0
-661 -663 0
-661 -664 0
-661 -665 0
-661 -666 0
-661 -667 0
-661 -668 0
-661 -669 0
-662 -663 0
-662 -664 0
-662 -665 0
-662 -666 0
-662 -667 0
-662 -668 0
-662 -669 0
-663 -664 0
-663 -665 0
-663 -666 0
-663 -667 0
-663 -668 0
-663 -669 0
-664 -665 0
-664 -666 0
-664 -667 0
-664 -668 0
-664 -669 0
-665 -666 0
-665 -667 0
-665 -668 0
-665 -669 0
-666 -667 0
-666 -668 0
-666 -669 0
-667 -668 0
-667 -669 0
-668 -669 0
-671 -672 0
-671 -673 0
-671 -674 0
-671 -675 0
-671 -676 0
-671 -677 0
-671 -678 0
-671 -679 0
-672 -673 0
-672 -674 0
-672 -675 0
-672 -676 0
-672 -677 0
-672 -678 0
-672 -679 0
-673 -674 0
-673 -675 0
-673 -676 0
-673 -677 0
-673 -678 0
-673 -679 0
-674 -675 0
-674 -676 0
-674 -677 0
-674 -678 0
-674 -679 0
-675 -676 0
-675 -677 0
-675 -678 0
-675 -679 0
-676 -677 0
-676 -678 0
-676 -679 0
-677 -678 0
-677 -679 0
-678 -679 0
-701 -702 0
-701 -703 0
-701 -704 0
-701 -705 0
-701 -706 0
-701 -707 0
-701 -708 0
-701 -709 0
-702 -703 0
-702 -704 0
-702 -705 0
-702 -706 0
-702 -707 0
-702 -708 0
-702 -709 0
-703 -704 0
-703 -705 0
-703 -706 0
-703 -707 0
-703 -708 0
-703 -709 0
-704 -705 0
-704 -706 0
-704 -707 0
-704 -708 0
-704 -709 0
-705 -706 0
-705 -707 0
-705 -708 0
-705 -709 0
-706 -707 0
-706 -708 0
-706 -709 0
-707 -708 0
-707 -709 0
-708 -709 0
-711 -712 0
-711 -713 0
-711 -714 0
-711 -715 0
-711 -716 0
-711 -717 0
-711 -718 0
-711 -719 0
-712 -713 0
-712 -714 0
-712 -715 0
-712 -716 0
-712 -717 0
-712 -718 0
-712 -719 0
-713 -714 0
-713 -715 0
-713 -716 0
-713 -717 0
-713 -718 0
-713 -719 0
-714 -715 0
-714 -716 0
-714 -717 0
-714 -718 0
-714 -719 0
-715 -716 0
-715 -717 0
-715 -718 0
-715 -719 0
-716 -717 0
-716 -718 0
-716 -719 0
-717 -718 0
-717 -719 0
-718 -719 0
-741 -742 0
-741 -743 0
-741 -744 0
-741 -745 0
-741 -746 0
-741 -747 0
-741 -748 0
-741 -749 0
-742 -743 0
-742 -744 0
-742 -745 0
-742 -746 0
-742 -747 0
-742 -748 0
-742 -749 0
-743 -744 0
-743 -745 0
-743 -746 0
-743 -747 0
-743 -748 0
-743 -749 0
-744 -745 0
-744 -746 0
-744 -747 0
-744 -748 0
-744 -749 0
-745 -746 0
-745 -747 0
-745 -748 0
-745 -749 0
-746 -747 0
-746 -748 0
-746 -749 0
-747 -748 0
-747 -749 0
-748 -749 0
-771 -772 0
-771 -773 0
-771 -774 0
-771 -775 0
-771 -776 0
-771 -777 0
-771 -778 0
-771 -779 0
-772 -773 0
-772 -774 0
-772 -775 0
-772 -776 0
-772 -777 0
-772 -778 0
-772 -779 0
-773 -774 0
-773 -775 0
-773 -776 0
-773 -777 0
-773 -778 0
-773 -779 0
-774 -775 0
-774 -776 0
-774 -777 0
-774 -778 0
-774 -779 0
-775 -776 0
-775 -777 0
-775 -778 0
-775 -779 0
-776 -777 0
-776 -778 0
-776 -779 0
-777 -778 0
-777 -779 0
-778 -779 0
-781 -782 0
-781 -783 0
-781 -784 0
-781 -785 0
-781 -786 0
-781 -787 0
-781 -788 0
-781 -789 0
-782 -783 0
-782 -784 0
-782 -785 0
-782 -786 0
-782 -787 0
-782 -788 0
-782 -789 0
-783 -784 0
-783 -785 0
-783 -786 0
-783 -787 0
-783 -788 0
-783 -789 0
-784 -785 0
-784 -786 0
-784 -787 0
-784 -788 0
-784 -789 0
-785 -786 0
-785 -787 0
-785 -788 0
-785 -789 0
-786 -787 0
-786 -788 0
-786 -789 0
-787 -788 0
-787 -789 0
-788 -789 0
-801 -802 0
-801 -803 0
-801 -804 0
-801 -805 0
-801 -806 0
-801 -807 0
-801 -808 0
-801 -809 0
-802 -803 0
-802 -804 0
-802 -805 0
-802 -806 0
-802 -807 0
-802 -808 0
-802 -809 0
-803 -804 0
-803 -805 0
-803 -806 0
-803 -807 0
-803 -808 0
-803 -809 0
-804 -805 0
-804 -806 0
-804 -807 0
-804 -808 0
-804 -809 0
-805 -806 0
-805 -807 0
-805 -808 0
-805 -809 0
-806 -807 0
-806 -808 0
-806 -809 0
-807 -808 0
-807 -809 0
-808 -809 0
-821 -822 0
-821 -823 0
-821 -824 0
-821 -825 0
-821 -826 0
-821 -827 0
-821 -828 0
-821 -829 0
-822 -823 0
-822 -824 0
-822 -825 0
-822 -826 0
-822 -827 0
-822 -828 0
-822 -829 0
-823 -824 0
-823 -825 0
-823 -826 0
-823 -827 0
-823 -828 0
-823 -829 0
-824 -825 0
-824 -826 0
-824 -827 0
-824 -828 0
-824 -829 0
-825 -826 0
-825 -827 0
-825 -828 0
-825 -829 0
-826 -827 0
-826 -828 0
-826 -829 0
-827 -828 0
-827 -829 0
-828 -829 0
-841 -842 0
-841 -843 0
-841 -844 0
-841 -845 0
-841 -846 0
-841 -847 0
-841 -848 0
-841 -849 0
-842 -843 0
-842 -844 0
-842 -845 0
-842 -846 0
-842 -847 0
-842 -848 0
-842 -849 0
-843 -844 0
-843 -845 0
-843 -846 0
-843 -847 0
-843 -848 0
-843 -849 0
-844 -845 0
-844 -846 0
-844 -847 0
-844 -848 0
-844 -849 0
-845 -846 0
-845 -847 0
-845 -848 0
-845 -849 0
-846 -847 0
-846 -848 0
-846 -849 0
-847 -848 0
-847 -849 0
-848 -849 0
-861 -862 0
-861 -863 0
-861 -864 0
-861 -865 0
-861 -866 0
-861 -867 0
-861 -868 0
-861 -869 0
-862 -863 0
-862 -864 0
-862 -865 0
-862 -866 0
-862 -867 0
-862 -868 0
-862 -869 0
-863 -864 0
-863 -865 0
-863 -866 0
-863 -867 0
-863 -868 0
-863 -869 0
-864 -865 0
-864 -866 0
-864 -867 0
-864 -868 0
-864 -869 0
-865 -866 0
-865 -867 0
-865 -868 0
-865 -869 0
-866 -867 0
-866 -868 0
-866 -869 0
-867 -868 0
-867 -869 0
-868 -869 0
-881 -882 0
-881 -883 0
-881 -884 0
-881 -885 0
-881 -886 0
-881 -887 0
-881 -888 0
-881 -889 0
-882 -883 0
-882 -884 0
-882 -885 0
-882 -886 0
-882 -887 0
-882 -888 0
-882 -889 0
-883 -884 0
-883 -885 0
-883 -886 0
-883 -887 0
-883 -888 0
-883 -889 0
-884 -885 0
-884 -886 0
-884 -887 0
-884 -888 0
-884 -889 0
-885 -886 0
-885 -887 0
-885 -888 0
-885 -889 0
-886 -887 0
-886 -888 0
-886 -889 0
-887 -888 0
-887 -889 0
-888 -889 0
001 021 101 111 211 221  0
-001 -021 0
-001 -101 0
-001 -111 0
-001 -211 0
-001 -221 0
-021 -101 0
-021 -111 0
-021 -211 0
-021 -221 0
-101 -111 0
-101 -211 0
-101 -221 0
-111 -211 0
-111 -221 0
-211 -221 0
003 023 103 113 213 223  0
-003 -023 0
-003 -103 0
-003 -113 0
-003 -213 0
-003 -223 0
-023 -103 0
-023 -113 0
-023 -213 0
-023 -223 0
-103 -113 0
-103 -213 0
-103 -223 0
-113 -213 0
-113 -223 0
-213 -223 0
004 024 104 114 214 224  0
-004 -024 0
-004 -104 0
-004 -114 0
-004 -214 0
-004 -224 0
-024 -104 0
-024 -114 0
-024 -214 0
-024 -224 0
-104 -114 0
-104 -214 0
-104 -224 0
-114 -214 0
-114 -224 0
-214 -224 0
005 025 105 115 215 225  0
-005 -025 0
-005 -105 0
-005 -115 0
-005 -215 0
-005 -225 0
-025 -105 0
-025 -115 0
-025 -215 0
-025 -225 0
-105 -115 0
-105 -215 0
-105 -225 0
-115 -215 0
-115 -225 0
-215 -225 0
007 027 107 117 217 227  0
-007 -027 0
-007 -107 0
-007 -117 0
-007 -217 0
-007 -227 0
-027 -107 0
-027 -117 0
-027 -217 0
-027 -227 0
-107 -117 0
-107 -217 0
-107 -227 0
-117 -217 0
-117 -227 0
-217 -227 0
009 029 109 119 219 229  0
-009 -029 0
-009 -109 0
-009 -119 0
-009 -219 0
-009 -229 0
-029 -109 0
-029 -119 0
-029 -219 0
-029 -229 0
-109 -119 0
-109 -219 0
-109 -229 0
-119 -219 0
-119 -229 0
-219 -229 0
042 142 232 242 252  0
-042 -142 0
-042 -232 0
-042 -242 0
-042 -252 0
-142 -232 0
-142 -242 0
-142 -252 0
-232 -242 0
-232 -252 0
-242 -252 0
046 146 236 246 256  0
-046 -146 0
-046 -236 0
-046 -246 0
-046 -256 0
-146 -236 0
-146 -246 0
-146 -256 0
-236 -246 0
-236 -256 0
-246 -256 0
047 147 237 247 257  0
-047 -147 0
-047 -237 0
-047 -247 0
-047 -257 0
-147 -237 0
-147 -247 0
-147 -257 0
-237 -247 0
-237 -257 0
-247 -257 0
048 148 238 248 258  0
-048 -148 0
-048 -238 0
-048 -248 0
-048 -258 0
-148 -238 0
-148 -248 0
-148 -258 0
-238 -248 0
-238 -258 0
-248 -258 0
049 149 239 249 259  0
-049 -149 0
-049 -239 0
-049 -249 0
-049 -259 0
-149 -239 0
-149 -249 0
-149 -259 0
-239 -249 0
-239 -259 0
-249 -259 0
062 082 172 182 262 272  0
-062 -082 0
-062 -172 0
-062 -182 0
-062 -262 0
-062 -272 0
-082 -172 0
-082 -182 0
-082 -262 0
-082 -272 0
-172 -182 0
-172 -262 0
-172 -272 0
-182 -262 0
-182 -272 0
-262 -272 0
063 083 173 183 263 273  0
-063 -083 0
-063 -173 0
-063 -183 0
-063 -263 0
-063 -273 0
-083 -173 0
-083 -183 0
-083 -263 0
-083 -273 0
-173 -183 0
-173 -263 0
-173 -273 0
-183 -263 0
-183 -273 0
-263 -273 0
064 084 174 184 264 274  0
-064 -084 0
-064 -174 0
-064 -184 0
-064 -264 0
-064 -274 0
-084 -174 0
-084 -184 0
-084 -264 0
-084 -274 0
-174 -184 0
-174 -264 0
-174 -274 0
-184 -264 0
-184 -274 0
-264 -274 0
067 087 177 187 267 277  0
-067 -087 0
-067 -177 0
-067 -187 0
-067 -267 0
-067 -277 0
-087 -177 0
-087 -187 0
-087 -267 0
-087 -277 0
-177 -187 0
-177 -267 0
-177 -277 0
-187 -267 0
-187 -277 0
-267 -277 0
068 088 178 188 268 278  0
-068 -088 0
-068 -178 0
-068 -188 0
-068 -268 0
-068 -278 0
-088 -178 0
-088 -188 0
-088 -268 0
-088 -278 0
-178 -188 0
-178 -268 0
-178 -278 0
-188 -268 0
-188 -278 0
-268 -278 0
069 089 179 189 269 279  0
-069 -089 0
-069 -179 0
-069 -189 0
-069 -269 0
-069 -279 0
-089 -179 0
-089 -189 0
-089 -269 0
-089 -279 0
-179 -189 0
-179 -269 0
-179 -279 0
-189 -269 0
-189 -279 0
-269 -279 0
311 321 401 411 511 521  0
-311 -321 0
-311 -401 0
-311 -411 0
-311 -511 0
-311 -521 0
-321 -401 0
-321 -411 0
-321 -511 0
-321 -521 0
-401 -411 0
-401 -511 0
-401 -521 0
-411 -511 0
-411 -521 0
-511 -521 0
312 322 402 412 512 522  0
-312 -322 0
-312 -402 0
-312 -412 0
-312 -512 0
-312 -522 0
-322 -402 0
-322 -412 0
-322 -512 0
-322 -522 0
-402 -412 0
-402 -512 0
-402 -522 0
-412 -512 0
-412 -522 0
-512 -522 0
313 323 403 413 513 523  0
-313 -323 0
-313 -403 0
-313 -413 0
-313 -513 0
-313 -523 0
-323 -403 0
-323 -413 0
-323 -513 0
-323 -523 0
-403 -413 0
-403 -513 0
-403 -523 0
-413 -513 0
-413 -523 0
-513 -523 0
314 324 404 414 514 524  0
-314 -324 0
-314 -404 0
-314 -414 0
-314 -514 0
-314 -524 0
-324 -404 0
-324 -414 0
-324 -514 0
-324 -524 0
-404 -414 0
-404 -514 0
-404 -524 0
-414 -514 0
-414 -524 0
-514 -524 0
315 325 405 415 515 525  0
-315 -325 0
-315 -405 0
-315 -415 0
-315 -515 0
-315 -525 0
-325 -405 0
-325 -415 0
-325 -515 0
-325 -525 0
-405 -415 0
-405 -515 0
-405 -525 0
-415 -515 0
-415 -525 0
-515 -525 0
319 329 409 419 519 529  0
-319 -329 0
-319 -409 0
-319 -419 0
-319 -519 0
-319 -529 0
-329 -409 0
-329 -419 0
-329 -519 0
-329 -529 0
-409 -419 0
-409 -519 0
-409 -529 0
-419 -519 0
-419 -529 0
-519 -529 0
342 432 442 452 542  0
-342 -432 0
-342 -442 0
-342 -452 0
-342 -542 0
-432 -442 0
-432 -452 0
-432 -542 0
-442 -452 0
-442 -542 0
-452 -542 0
343 433 443 453 543  0
-343 -433 0
-343 -443 0
-343 -453 0
-343 -543 0
-433 -443 0
-433 -453 0
-433 -543 0
-443 -453 0
-443 -543 0
-453 -543 0
345 435 445 455 545  0
-345 -435 0
-345 -445 0
-345 -455 0
-345 -545 0
-435 -445 0
-435 -455 0
-435 -545 0
-445 -455 0
-445 -545 0
-455 -545 0
346 436 446 456 546  0
-346 -436 0
-346 -446 0
-346 -456 0
-346 -546 0
-436 -446 0
-436 -456 0
-436 -546 0
-446 -456 0
-446 -546 0
-456 -546 0
348 438 448 458 548  0
-348 -438 0
-348 -448 0
-348 -458 0
-348 -548 0
-438 -448 0
-438 -458 0
-438 -548 0
-448 -458 0
-448 -548 0
-458 -548 0
361 371 471 481 561 571  0
-361 -371 0
-361 -471 0
-361 -481 0
-361 -561 0
-361 -571 0
-371 -471 0
-371 -481 0
-371 -561 0
-371 -571 0
-471 -481 0
-471 -561 0
-471 -571 0
-481 -561 0
-481 -571 0
-561 -571 0
362 372 472 482 562 572  0
-362 -372 0
-362 -472 0
-362 -482 0
-362 -562 0
-362 -572 0
-372 -472 0
-372 -482 0
-372 -562 0
-372 -572 0
-472 -482 0
-472 -562 0
-472 -572 0
-482 -562 0
-482 -572 0
-562 -572 0
365 375 475 485 565 575  0
-365 -375 0
-365 -475 0
-365 -485 0
-365 -565 0
-365 -575 0
-375 -475 0
-375 -485 0
-375 -565 0
-375 -575 0
-475 -485 0
-475 -565 0
-475 -575 0
-485 -565 0
-485 -575 0
-565 -575 0
367 377 477 487 567 577  0
-367 -377 0
-367 -477 0
-367 -487 0
-367 -567 0
-367 -577 0
-377 -477 0
-377 -487 0
-377 -567 0
-377 -577 0
-477 -487 0
-477 -567 0
-477 -577 0
-487 -567 0
-487 -577 0
-567 -577 0
368 378 478 488 568 578  0
-368 -378 0
-368 -478 0
-368 -488 0
-368 -568 0
-368 -578 0
-378 -478 0
-378 -488 0
-378 -568 0
-378 -578 0
-478 -488 0
-478 -568 0
-478 -578 0
-488 -568 0
-488 -578 0
-568 -578 0
369 379 479 489 569 579  0
-369 -379 0
-369 -479 0
-369 -489 0
-369 -569 0
-369 -579 0
-379 -479 0
-379 -489 0
-379 -569 0
-379 -579 0
-479 -489 0
-479 -569 0
-479 -579 0
-489 -569 0
-489 -579 0
-569 -579 0
611 621 701 711 801 821  0
-611 -621 0
-611 -701 0
-611 -711 0
-611 -801 0
-611 -821 0
-621 -701 0
-621 -711 0
-621 -801 0
-621 -821 0
-701 -711 0
-701 -801 0
-701 -821 0
-711 -801 0
-711 -821 0
-801 -821 0
612 622 702 712 802 822  0
-612 -622 0
-612 -702 0
-612 -712 0
-612 -802 0
-612 -822 0
-622 -702 0
-622 -712 0
-622 -802 0
-622 -822 0
-702 -712 0
-702 -802 0
-702 -822 0
-712 -802 0
-712 -822 0
-802 -822 0
613 623 703 713 803 823  0
-613 -623 0
-613 -703 0
-613 -713 0
-613 -803 0
-613 -823 0
-623 -703 0
-623 -713 0
-623 -803 0
-623 -823 0
-703 -713 0
-703 -803 0
-703 -823 0
-713 -803 0
-713 -823 0
-803 -823 0
616 626 706 716 806 826  0
-616 -626 0
-616 -706 0
-616 -716 0
-616 -806 0
-616 -826 0
-626 -706 0
-626 -716 0
-626 -806 0
-626 -826 0
-706 -716 0
-706 -806 0
-706 -826 0
-716 -806 0
-716 -826 0
-806 -826 0
618 628 708 718 808 828  0
-618 -628 0
-618 -708 0
-618 -718 0
-618 -808 0
-618 -828 0
-628 -708 0
-628 -718 0
-628 -808 0
-628 -828 0
-708 -718 0
-708 -808 0
-708 -828 0
-718 -808 0
-718 -828 0
-808 -828 0
619 629 709 719 809 829  0
-619 -629 0
-619 -709 0
-619 -719 0
-619 -809 0
-619 -829 0
-629 -709 0
-629 -719 0
-629 -809 0
-629 -829 0
-709 -719 0
-709 -809 0
-709 -829 0
-719 -809 0
-719 -829 0
-809 -829 0
631 641 651 741 841  0
-631 -641 0
-631 -651 0
-631 -741 0
-631 -841 0
-641 -651 0
-641 -741 0
-641 -841 0
-651 -741 0
-651 -841 0
-741 -841 0
633 643 653 743 843  0
-633 -643 0
-633 -653 0
-633 -743 0
-633 -843 0
-643 -653 0
-643 -743 0
-643 -843 0
-653 -743 0
-653 -843 0
-743 -843 0
634 644 654 744 844  0
-634 -644 0
-634 -654 0
-634 -744 0
-634 -844 0
-644 -654 0
-644 -744 0
-644 -844 0
-654 -744 0
-654 -844 0
-744 -844 0
637 647 657 747 847  0
-637 -647 0
-637 -657 0
-637 -747 0
-637 -847 0
-647 -657 0
-647 -747 0
-647 -847 0
-657 -747 0
-657 -847 0
-747 -847 0
639 649 659 749 849  0
-639 -649 0
-639 -659 0
-639 -749 0
-639 -849 0
-649 -659 0
-649 -749 0
-649 -849 0
-659 -749 0
-659 -849 0
-749 -849 0
661 671 771 781 861 881  0
-661 -671 0
-661 -771 0
-661 -781 0
-661 -861 0
-661 -881 0
-671 -771 0
-671 -781 0
-671 -861 0
-671 -881 0
-771 -781 0
-771 -861 0
-771 -881 0
-781 -861 0
-781 -881 0
-861 -881 0
663 673 773 783 863 883  0
-663 -673 0
-663 -773 0
-663 -783 0
-663 -863 0
-663 -883 0
-673 -773 0
-673 -783 0
-673 -863 0
-673 -883 0
-773 -783 0
-773 -863 0
-773 -883 0
-783 -863 0
-783 -883 0
-863 -883 0
664 674 774 784 864 884  0
-664 -674 0
-664 -774 0
-664 -784 0
-664 -864 0
-664 -884 0
-674 -774 0
-674 -784 0
-674 -864 0
-674 -884 0
-774 -784 0
-774 -864 0
-774 -884 0
-784 -864 0
-784 -884 0
-864 -884 0
665 675 775 785 865 885  0
-665 -675 0
-665 -775 0
-665 -785 0
-665 -865 0
-665 -885 0
-675 -775 0
-675 -785 0
-675 -865 0
-675 -885 0
-775 -785 0
-775 -865 0
-775 -885 0
-785 -865 0
-785 -885 0
-865 -885 0
666 676 776 786 866 886  0
-666 -676 0
-666 -776 0
-666 -786 0
-666 -866 0
-666 -886 0
-676 -776 0
-676 -786 0
-676 -866 0
-676 -886 0
-776 -786 0
-776 -866 0
-776 -886 0
-786 -866 0
-786 -886 0
-866 -886 0
668 678 778 788 868 888  0
-668 -678 0
-668 -778 0
-668 -788 0
-668 -868 0
-668 -888 0
-678 -778 0
-678 -788 0
-678 -868 0
-678 -888 0
-778 -788 0
-778 -868 0
-778 -888 0
-788 -868 0
-788 -888 0
-868 -888 0
